18158
17737
13928
10887
9968
18842
5380
2175
8668
12977
16364
4553
2584
14722
4915
12053
16315
7364
8017
8468
6497
16384
18287
8442
1741
10393
12417
19878
6386
17000
8174
1903
2988
6074
8720
1044
19992
17601
14723
1437
1474
19695
15083
18150
14488
3889
15701
18849
3452
1878
873
9690
4742
2397
11046
9770
11579
4853
16105
18058
15983
16172
6804
14734
10492
18352
7546
16873
18824
2551
6631
1154
2804
5261
17950
14052
7674
13939
13855
3105
6696
8168
6425
6519
6117
3909
7865
9069
11625
7994
16329
2078
2730
1821
13461
18702
19828
12903
19988
13865